Range             | Years                                                                                  | Number of Years
------------------|---------------------------------------------------------------------------------------|----------------
>50%             | 1954                                                                                  | 1
40% to 50%       | 1928, 1933, 1935, 1958                                                                | 4
30% to 40%       | 1936, 1945, 1950, 1955, 1975, 1980, 1985, 1989, 1991, 1995, 1997, 2013, 2019          | 13
20% to 30%       | 1938, 1943, 1951, 1961, 1963, 1967, 1976, 1982, 1983, 1996, 1998, 1999, 2003, 2009,   | 17
                 | 2017, 2021, 2023                                                                      |
10% to 20%       | 1942, 1944, 1949, 1950, 1959, 1963, 1964, 1965, 1966, 1972, 1978, 1982, 1983, 1986, 1987,    | 27
                 | 1988, 1993, 1999, 2003, 2004, 2006, 2009, 2012, 2014, 2016, 2017, 2018, 2020           |
0% to 10%        | 1947, 1948, 1956, 1960, 1970, 1978, 1984, 1987, 1992, 1994, 2005, 2007, 2011, 2015    | 14
-10% to 0%       | 1929, 1932, 1934, 1939, 1946, 1953, 1962, 1966, 1969, 1977, 1981, 1990, 2000, 2018    | 14
-20% to -10%     | 1940, 1941, 1957, 1973, 2001, 2022                                                    | 6
-30% to -20%     | 1930, 1974, 2002                                                                      | 3
-40% to -30%     | 1937, 2008                                                                            | 2
<-40%            | 1931                                                                                  | 1
