
FDate	        SPY     QQQ 
2026-02-13	698	688	642	633
2026-02-20	700	686	644	631
2026-02-27	702	685	646	630
2026-03-06	705	683	648	628
2026-03-13	707	682	650	627
2026-03-20	710	680	653	626
2026-03-27	712	679	655	624
2026-04-03	715	677	657	623
2026-04-10	717	676	659	622
2026-04-17	720	674	661	620
2026-04-24	722	673	664	619
2026-05-01	725	672	666	618
2026-05-08	727	670	668	616
2026-05-15	730	669	670	615
2026-05-22	732	667	672	614
2026-05-29	735	666	675	612
2026-06-05	737	665	677	611
2026-06-12	740	663	679	610
2026-06-19	742	662	681	608
2026-06-26	745	660	684	607
2026-07-03	748	659	686	606
2026-07-10	750	658	688	604
2026-07-17	753	656	690	603
2026-07-24	755	655	693	602
2026-07-31	758	653	695	600
2026-08-07	760	652	697	599
2026-08-14	763	651	699	598
2026-08-21	766	649	702	596
2026-08-28	768	648	704	595
2026-09-04	771	647	706	594
2026-09-11	773	645	708	592
2026-09-18	776	644	711	591
2026-09-25	779	643	713	590
2026-10-02	781	641	715	588
2026-10-09	784	640	718	587
2026-10-16	787	639	720	586
2026-10-23	789	637	722	584
2026-10-30	792	636	724	583
2026-11-06	795	635	727	582
2026-11-13	797	634	729	580
2026-11-20	800	632	731	579
2026-11-27	803	631	734	578
2026-12-04	805	630	736	577
2026-12-11	808	628	738	575
2026-12-18	811	627	741	574
2026-12-25	813	626	743	573
