Here is the updated table:
Date	30%	-20%
Nov 29, 2024	598	576
Dec 6, 2024	600	573
Dec 13, 2024	602	570
Dec 20, 2024	604	567
Dec 27, 2024	607	564
Jan 3, 2025	609	561
Jan 10, 2025	611	558
Jan 17, 2025	614	555
Jan 24, 2025	616	552
Jan 31, 2025	619	549
Feb 7, 2025	621	546
Feb 14, 2025	624	543
Feb 21, 2025	626	540
Feb 28, 2025	629	537
Mar 7, 2025	631	534
Mar 14, 2025	634	531
Mar 21, 2025	636	528
Mar 28, 2025	639	525
Apr 4, 2025	641	522
Apr 11, 2025	644	519
Apr 18, 2025	646	516
Apr 25, 2025	649	513
May 2, 2025	651	510
May 9, 2025	654	507
