Month       Median   Average   Worst   Best   Up   Down
--------------------------------------------------------
January      604      605      566     648    619   592
February     610      606      542     667    628   563
March        621      606      453     674    634   520
April        626      613      521     693    644   552
May          634      619      518     659    637   552
June         632      627      478     699    653   528
July         643      641      516     708    664   558
August       662      646      496     713    674   546
September    660      635      448     713    669   510
October      664      647      472     750    687   530
November     682      665      499     754    700   554
December     681      660      470     782    708   533



