2027-01-01	832	626	851	574	477
2027-01-08	833	627	852	575	480
2027-01-15	835	627	853	577	482
2027-01-22	836	628	854	578	484
2027-01-29	838	628	854	579	487
2027-02-05	839	628	855	580	489
2027-02-12	841	629	856	581	491
2027-02-19	842	629	857	582	494
2027-02-26	844	629	858	584	496
2027-03-05	845	630	859	585	498
2027-03-12	847	630	860	586	501
2027-03-19	849	631	861	587	503
2027-03-26	850	631	862	588	505
2027-04-02	852	631	863	590	508
2027-04-09	853	632	863	591	510
2027-04-16	855	632	864	592	512
2027-04-23	856	632	865	593	515
2027-04-30	858	633	866	594	517
2027-05-07	859	633	867	596	519
2027-05-14	861	634	868	597	522
2027-05-21	862	634	869	598	524
2027-05-28	864	634	870	599	526
2027-06-04	866	635	871	600	529
2027-06-11	867	635	872	601	531
2027-06-18	869	635	872	603	533
2027-06-25	870	636	873	604	536
2027-07-02	872	636	874	605	538
2027-07-09	873	637	875	606	540
2027-07-16	875	637	876	607	543
2027-07-23	876	637	877	609	545
2027-07-30	878	638	878	610	547
2027-08-06	880	638	879	611	550
2027-08-13	881	638	880	612	552
2027-08-20	883	639	881	613	554
2027-08-27	884	639	881	614	556
2027-09-03	886	640	882	616	559
2027-09-10	887	640	883	617	561
2027-09-17	889	640	884	618	563
2027-09-24	890	641	885	619	566
2027-10-01	892	641	886	620	568
2027-10-08	893	641	887	622	570
2027-10-15	895	642	888	623	573
2027-10-22	897	642	889	624	575
2027-10-29	898	643	890	625	577
2027-11-05	900	643	890	626	580
2027-11-12	901	643	891	628	582
2027-11-19	903	644	892	629	584
2027-11-26	904	644	893	630	587
2027-12-03	906	644	894	631	589
2027-12-10	907	645	895	632	591
2027-12-17	909	645	896	633	594
2027-12-24	910	646	897	635	596
2027-12-31	912	646	898	636	598
